acc,loss,val_acc,val_loss
0.9320999951008707,0.22374549774142602,0.9797999960184097,0.06456999559057294
0.9735666612784067,0.08931009446653965,0.9846999959647655,0.04575062173928018
0.9788499945402145,0.07230767573661676,0.9867999961972237,0.040121582925739856
0.9818333281824986,0.06233171899270625,0.9874999971687793,0.0373737889432482
0.9828499947488308,0.05845451162964916,0.9889999969303608,0.033766216778376476
0.9840333278973897,0.056873145600347924,0.9891999967396259,0.03380136501248671
0.9836833285788695,0.05603260769493621,0.9856999962031842,0.046837898337686854
0.9845666618645191,0.052829428891027416,0.9895999966561795,0.03391659142714161
0.9847833283742269,0.05216165216023607,0.9900999970734119,0.03260452850855586
0.9846999953687191,0.05179465262128815,0.9898999972641468,0.03275425992453563
0.9853166618446509,0.05099211621459593,0.9900999964773655,0.031024792495851442
0.9847666618973017,0.05191007906573456,0.9890999959409237,0.0333424920830862
0.9855999952803055,0.05178688939793877,0.9904999969899655,0.029136599395826863
0.984333328033487,0.053015582482288055,0.9907999970018864,0.03068257608541444
0.9856833286086718,0.04924894870132221,0.9911999975144863,0.030830400499060034
0.9849166619032621,0.05265255647004778,0.9894999967515469,0.032652602505495454
0.9854833284268777,0.050899701104803324,0.9899999968707561,0.03605466203434986
0.9857166617115338,0.05191975189507351,0.989799996316433,0.03130044942941467
0.9856999952346086,0.05184613544465871,0.9895999969542026,0.03161411638802804
0.985766661837697,0.05085639282597754,0.9909999969601632,0.029914033390448937
